10421 16265
21770 963
9840 14829
7264 28926
19675 30118
27232 21854
13634 5051
5366 13155
18898 11489
31029 8366
7374 16146
19547 9601
30649 11828
3411 420
18081 9769
26715 25136
21882 17778
32518 11982
3215 20685
8440 32316
21869 4596
31211 22444
172 26977
12238 7854
26891 10824
12805 6614
31242 25533
26608 31600
7179 29795
21353 25329
22707 7781
6023 24180
16661 29178
31590 14135
6342 3874
12759 15288
27232 27132
31550 21278
8196 3348
17806 15300
25162 14679
16124 28834
16168 31855
5830 28678
21052 14354
21725 18261
28705 11076
18692 18050
14115 1676
8952 2405
6935 16857
19084 24990
8155 13565
2634 12473
27649 21747
21456 10801
7087 18682
23448 575
15801 31654
28977 9341
16506 24273
7071 5023
30391 9707
1063 18730
3382 11165
5224 4531
15716 12389
21882 30756
19479 15402
4886 13770
5763 10169
8606 24798
22982 11926
12712 22030
23035 4795
21088 15270
21057 28210
28455 11198
28395 11595
16954 17336
395 8975
20661 28821
3056 3419
11378 10115
25406 16318
8830 14122
23920 4478
12371 17719
29014 7332
8935 10633
13327 7041
2168 19239
8142 13553
6062 29850
744 9135
2551 30911
30089 4747
3668 29486
28583 6403
20252 4960
